1 200 1e-006
1
2
0 65 65
0.0454016 0.0707503 0.1865 0.0804316 0.0832294 0.142276 0.0382924 0.0920412 0.0910644 0.158399 0.105677 0.0130292 0.0133745 0.137025 0.09467 0.0416895 0.0757592 0.222365 0.011843 0.155601 0.0805893 0.185694 0.211448 0.202912 0.162088 0.112802 0.0454016 0.122362 0.114047 0.0895657 0.0206672 0.160727 0.0106806 0.0943731 0.144569 0.00195358 0.0221906 0.185576 0.209936 0.208902 0.171243 0.0335902 0.102947 0.060396 0.0389546 0.147822 -0.021999 0.135756 0.0264759 0.0923826 0.0959852 0.158663 0.161753 0.0366374 0.117129 0.125189 0.190332 0.13304 0.183862 0.127645 0.0222252 0.00117628 0.0747884 0.200357 0.0803071 
0.931813 0.0286479 0.0545388 0.215237 0.0569519 0.0615679 0.0262485 0.161593 0.0656427 0.0978743 0.193137 0.180444 0.189381 0.130725 0.0558101 0.0423381 0.182028 0.181187 0.188794 0.0176838 0.0671963 0.163676 0.0678902 0.0970379 0.141716 -0.162901 -0.0681872 0.0756017 0.203865 0.150421 0.160214 0.127395 0.198527 0.0763238 0.0254379 0.152753 0.103512 0.0673607 0.0955664 0.0467088 0.199098 0.148509 0.0422081 0.0467045 0.193137 0.142777 0.026527 0.0200857 0.197078 0.100173 0.0997492 0.0778214 0.102005 0.208511 0.213311 0.0709723 0.193542 0.0189026 0.00707777 0.0853317 0.0366721 0.0226728 0.0805128 0.0500955 0.0287744 
0.0514734 0.17603 0.180144 0.192862 0.205408 0.150233 0.169143 0.0227444 0.0572016 0.177284 0.0693391 0.0277434 0.00788041 0.101342 0.00374451 0.114677 0.137407 0.0259896 0.0374925 0.194735 0.0259739 0.0237688 0.0515316 0.080566 0.182167 0.105219 0.0514734 0.0732633 0.0544692 0.042426 0.100683 0.19164 0.197676 0.0903818 0.114437 0.181559 0.161703 0.00238962 0.0435109 0.0674219 0.145212 0.160668 0.151413 0.0486829 0.00194597 0.125539 -0.00227286 0.100298 0.148169 0.0717565 0.128286 0.0234634 0.0460375 0.187429 0.0320299 0.1883 0.00343251 0.112334 0.15718 0.154301 0.197602 0.171152 0.0750453 0.155545 0.0150082 
0.0540773 0.0501261 0.155844 0.0894608 0.140467 0.128876 0.138298 0.00449939 0.128028 0.155536 0.145621 0.125168 0.162047 0.128906 0.008749 0.090524 0.0633114 0.0499915 0.124891 0.0824476 0.0758467 0.207707 0.131296 0.212089 0.0731486 0.163429 0.0540773 0.130827 0.184716 0.0627159 0.137529 0.10479 0.0105091 0.0469944 0.13044 0.0634375 0.132656 0.0792593 0.0853137 0.000331724 0.0357335 0.134137 0.0756809 0.153518 0.203118 0.196522 -0.055275 0.034768 0.212427 0.0606351 0.104701 0.0617877 0.0711978 0.20489 0.0346401 0.0184506 0.157149 0.0946045 0.213201 0.154576 0.208458 0.0570977 0.112128 0.0862925 0.171207 
0.0528493 0.161121 0.0963565 0.206004 0.17071 0.00568737 0.0870023 0.12209 0.174939 0.202662 0.191826 0.110901 0.117234 0.101734 0.137365 0.140607 0.0416602 0.110214 0.0995448 0.0165621 0.0805825 0.0260066 0.0142511 0.0525897 0.125426 0.138089 0.0528493 0.175851 0.146124 0.111921 0.181582 0.1438 0.0171271 0.203235 0.108866 0.161323 0.187397 0.108113 0.0641273 0.20002 0.0190315 0.0402068 0.145867 0.151181 0.123054 0.0345137 -0.032391 0.0836741 0.14342 0.102814 0.115489 0.0630123 0.0950039 0.00744543 0.0735284 0.178192 0.164735 0.188237 0.149387 0.105439 0.052321 0.0755878 0.0998901 0.113229 0.0686837 
0.0122157 0.184186 0.133008 0.157427 0.0520772 0.00726574 0.0870112 0.00890857 0.133948 0.1924 0.0810053 0.0715157 0.0758469 0.0349155 0.128032 0.149912 0.00348871 0.182773 0.0888628 0.167675 0.0915612 0.107797 0.185474 0.164324 0.204703 0.0282745 0.0122157 0.206133 0.109613 0.193063 0.0499355 0.0759851 0.0301593 0.173425 0.109851 0.150043 0.158798 0.0665462 0.113519 0.0519311 0.100376 0.0467531 0.0772736 0.160772 0.180589 0.191232 -0.00384319 0.0315422 0.110111 0.212054 0.0620451 0.153001 0.130625 0.207072 0.0144714 0.202326 0.0416865 0.150912 0.178783 0.0814174 0.0166238 0.00454037 0.100899 0.114492 0.0714487 
0.040371 0.0268297 0.181578 0.160535 0.119318 0.120084 0.0251612 0.0979566 0.0761902 0.0986636 0.0149469 0.144434 0.181126 0.179962 0.0340415 0.19331 0.102468 0.0926491 0.185663 0.00758295 0.0900429 0.103032 0.141369 0.0814716 0.179076 0.0801573 0.040371 0.0605233 0.167769 0.0391774 0.173181 0.0358428 0.186774 0.14452 0.0869988 0.0951673 0.138492 0.0276108 0.121577 0.179056 0.18312 0.163231 0.0157486 0.0451803 0.0854011 0.154875 0.000584535 0.112055 0.00875652 0.107591 0.155478 0.194234 0.196093 0.161188 0.0815891 0.0693504 0.0116506 0.12907 0.10249 0.0326312 0.187471 0.103697 0.049066 0.134316 0.162568 
0.0447351 0.0264009 0.178258 0.0675078 0.199793 0.200839 0.06995 0.160773 0.192933 0.109801 0.185155 0.00990178 0.116784 0.213655 0.0833332 0.206697 0.0627278 0.160548 0.175394 0.0903285 0.146225 0.177193 0.0444936 0.0510867 0.125154 0.0953655 0.0447351 0.0691066 0.105245 0.139376 0.0361407 0.0337747 0.204197 0.023555 0.0339298 0.0735786 0.172263 0.138125 0.0857607 0.0882916 0.0260558 0.00320032 0.149106 0.0930576 0.179015 0.10699 -0.00589539 0.0513057 0.00535906 0.15891 0.19826 0.00123389 0.13456 0.0316306 0.0962901 0.214081 0.171158 0.0376172 0.0207873 0.181578 0.016434 0.00995831 0.0787034 0.0867236 0.128981 
0.0280535 0.173926 0.203069 0.15277 0.00872257 0.0587292 0.133272 0.12525 0.118286 0.131678 0.060708 0.164823 0.099961 0.11398 0.0805907 0.0104663 0.194687 0.163517 0.151334 0.180365 0.0760166 0.0263687 0.0295608 0.183328 0.172351 0.017179 0.0280535 0.164994 0.0363966 0.12635 0.0114834 0.135161 0.0665502 0.153542 0.109224 0.191478 0.0715883 0.00507874 0.0744711 0.107612 0.057751 0.0242396 0.0527045 0.0256721 0.202453 0.195704 0.0389279 0.143824 0.00325423 0.187455 0.197691 0.158727 0.117305 0.145851 0.0308793 0.0308156 0.0328286 0.119468 0.033764 0.161007 0.187862 0.203772 0.0268404 0.0615593 0.0712871 
0.0205645 0.0209057 0.0694925 0.205902 0.0757084 0.219235 0.0146973 0.043779 0.169098 0.118444 0.17948 0.187726 0.0723 0.160665 0.218751 0.00167168 0.0344565 0.158253 0.116105 0.131256 0.0881127 0.20911 0.0961203 0.130812 0.174416 0.0324035 0.0205645 0.19575 0.166926 0.0539011 0.164975 0.0661183 0.108311 0.0307206 0.103152 0.0881307 0.0889381 0.0158332 0.0883666 0.0280334 0.127262 0.0216253 0.0856312 0.00427268 0.16316 0.171898 0.00872548 0.0870516 0.0900788 0.178791 0.061597 0.206457 0.0306206 0.151449 0.0978348 0.051549 0.120443 0.158108 0.210803 0.0144716 0.029184 0.118931 0.16565 0.0110099 0.199025 
0.0221931 0.178973 0.0701365 0.115528 0.0603574 0.0275817 0.137774 0.0351991 0.0370267 0.111781 0.213422 0.0983265 0.0179817 0.133568 0.0267632 0.196966 0.217499 0.16563 0.168084 0.168195 0.0729052 0.023523 0.018865 0.019894 0.104719 0.0237048 0.0221931 0.0379517 0.158373 0.215157 0.143607 0.00598649 0.175354 0.119729 0.149698 0.154527 0.206217 0.14957 0.158949 0.0175316 0.0635164 0.0924344 0.166745 0.144898 0.154315 0.0879932 0.0206812 0.113705 0.0107286 0.176614 0.17283 0.0551976 0.0305486 0.135811 0.121679 0.0145988 0.0187519 0.0866851 0.0359492 0.215263 0.0372796 0.175262 0.0320876 0.17969 0.137636 
0.0571392 0.133595 0.0869545 0.100428 0.141035 0.138672 0.113226 0.187047 0.206794 0.174539 0.0408384 0.200655 0.119595 0.126756 0.0692003 0.0642263 0.000346016 0.0405538 0.0964089 0.202472 0.0556491 0.120968 0.196773 0.153069 0.0517499 0.125234 0.0571392 0.154784 0.181843 0.0970702 0.0694266 0.152358 0.109044 0.112209 0.0262178 0.137353 0.0888217 0.0902513 0.0903797 0.0339871 0.0124716 0.0856015 0.0650132 0.0644055 0.00392901 0.131251 -0.0109558 0.0987191 0.0844733 0.156018 0.0644264 0.121025 0.180306 0.205974 0.205539 0.0406758 0.203213 0.00728865 0.00162773 0.0305064 0.0245103 0.0713094 0.0900076 0.201986 0.18789 
0.0337674 0.183073 0.0913837 0.0767407 0.0840623 0.0530535 0.0968991 0.139506 0.173011 0.0390865 0.0518383 0.129692 0.0141268 0.0614804 0.0883984 0.166157 0.151673 0.122204 0.147577 0.0839709 0.0855869 0.0153663 0.153231 0.164514 0.161783 0.0539633 0.0337674 0.0375809 0.169625 0.166939 0.109181 0.00544666 0.144094 0.176094 0.00254036 0.130599 0.125706 0.0160402 0.206889 0.0967846 0.0393692 0.117152 0.203337 0.154623 0.0639864 0.178834 0.0135712 0.130512 0.149989 0.176323 0.0460418 0.165293 0.116306 0.064353 0.0635056 0.00043314 0.202733 0.057028 0.18223 0.0178303 0.150452 0.104539 0.129033 0.0369377 0.201732 
0.0472129 0.161588 0.186111 0.0732646 0.191408 0.0713452 0.0702606 0.156405 0.116024 0.0672283 0.165257 0.125887 0.205693 0.0821438 0.205269 0.0109691 0.163383 0.184414 0.0574714 0.177577 0.131259 0.121894 0.0550543 0.0284046 0.0955858 0.10354 0.0472129 0.0741267 0.193198 0.0696958 0.151814 0.0722898 0.0968935 0.18229 0.0162459 0.0317646 0.0689631 0.112622 0.132063 0.0817871 0.0933998 0.125482 0.147918 0.0497658 0.0376941 0.0511542 -0.00911444 0.130719 0.0839083 0.206422 0.20089 0.0274222 0.00326795 0.0207436 0.11978 0.0317973 0.0546571 0.16387 0.118166 0.140974 0.00501616 0.146844 0.186531 0.18317 0.0309057 
0.0475473 0.105547 0.16503 0.0842193 0.20575 0.107059 0.0208164 0.0604994 0.167718 0.111516 0.188246 0.047274 0.0403857 0.0704658 0.0351451 0.164885 0.0933044 0.0157318 0.0115439 0.210235 0.157936 0.112476 0.174187 0.142489 0.0888255 0.104333 0.0475473 0.170035 0.00153057 0.151698 0.207395 0.0672379 0.0799079 0.0280989 0.0584673 0.0103068 0.0199796 0.184186 0.10002 0.178975 0.0242738 0.173525 0.0979112 0.0813306 0.154206 0.0779224 -0.00923811 0.209189 0.09208 0.0360299 0.127331 0.211832 0.00472309 0.0465478 0.129478 0.0160349 0.0247988 0.0122483 0.212656 0.126054 0.115837 0.0687599 0.190761 0.167273 0.187395 
0.0575261 0.0232324 0.05852 0.128253 0.00360062 0.190267 0.0982736 0.174151 0.151522 0.205028 0.11763 0.0680509 0.0193932 0.22144 0.114176 0.039166 0.138745 0.221507 0.0281846 0.165858 0.0420807 0.104004 0.168605 0.0255153 0.218928 0.159908 0.0575261 0.063618 0.0170032 0.0706227 0.0217976 0.178533 0.161017 0.0229448 0.0710293 0.088859 0.0851699 0.111778 0.0164029 0.199886 0.216292 0.0506812 0.0178511 0.174716 0.0211132 0.128822 -0.0448562 0.0435095 0.159778 0.00257782 0.0979466 0.0464755 0.176443 0.0969181 0.0741873 0.0139457 0.144079 0.0892247 0.167517 0.164297 0.104055 0.22544 0.058336 0.0482375 0.179256 
0.0596193 0.174595 0.16635 0.0297264 0.105722 0.176046 0.0626551 0.0864643 0.0142026 0.179167 0.141469 0.191712 0.00642767 0.0257953 0.15924 0.1173 0.0114094 0.00651888 0.131259 0.0122885 0.0676739 0.0543195 0.182491 0.0281741 0.168806 0.121249 0.0596193 0.189378 0.12883 0.19243 0.0141746 0.0214756 0.0544222 0.191486 0.075255 0.0455208 0.18021 0.118957 0.12063 0.105304 0.0733489 0.120467 0.139303 0.00236852 0.186897 0.163055 -0.00200996 0.0299943 0.05992 0.0683028 0.190319 0.138136 0.117568 0.153145 0.0290389 0.130169 0.129882 0.190353 0.176832 0.030154 0.123367 0.15798 0.0893742 0.0697201 0.0878773 
0.0729034 0.205543 0.132739 0.0395473 0.202031 0.0365055 0.140873 0.0249457 0.167944 0.0844799 0.106397 0.0223599 0.126848 0.218304 0.0597842 0.0551222 0.203364 0.0718104 0.121566 0.069228 0.0508923 0.0990154 0.085446 0.131078 0.112604 0.20381 0.0729033 0.233022 0.0505368 0.0212597 0.0702057 0.0173579 0.22436 0.0422037 0.0957447 0.0216848 0.124652 0.0691764 0.138576 0.012274 0.137955 0.018567 0.116687 0.154293 0.0294651 0.127208 -0.0580033 0.0673834 0.0371312 0.0886868 0.0294272 0.0598932 0.0862362 0.205915 0.126023 0.181721 0.0984967 0.0414874 0.159627 0.168164 0.239093 0.18088 0.11389 0.121458 0.0648797 
0.0398622 0.185349 0.0174092 0.131532 0.152602 0.138807 0.200125 0.0579964 0.146325 0.0542641 0.16233 0.0730542 0.00256417 0.192791 0.101897 0.0257944 0.184955 0.176199 0.1987 0.169705 0.024651 0.192175 0.104067 0.10506 0.101266 0.0511216 0.0398622 0.163913 0.0236844 0.00976306 0.187334 0.177059 0.0106281 0.0307676 0.133763 0.0353697 0.0922151 0.0679495 0.00735894 0.0899591 0.193993 0.027421 0.0667499 0.10389 0.0590777 0.0451551 0.0286024 0.131434 0.196407 0.100008 0.169314 0.132983 0.168271 0.0538649 0.129433 0.0614922 0.128362 0.164491 0.02892 0.0331264 0.0324543 0.0378377 0.0919948 0.150269 0.201673 
0.0520717 0.0473434 0.0021923 0.202758 0.0696943 0.194009 0.0246872 0.0319976 0.187123 0.0282418 0.107878 0.07939 0.0891629 0.17835 0.0893122 0.108118 0.164795 0.000831124 0.104081 0.140805 0.171073 0.121719 0.140711 0.172727 0.115733 0.143037 0.0520717 0.0672628 0.115211 0.132899 0.0358889 0.176058 0.157051 0.0395846 0.0932538 0.101714 0.00131784 0.021503 0.171344 0.177652 0.197732 0.201909 0.176513 0.148524 0.0374312 0.105271 -0.0388935 0.028565 0.0111868 0.0514452 0.101007 0.180675 0.0187529 0.089215 0.192965 0.164169 0.0639918 0.0498179 0.122766 0.0814609 0.200918 0.129964 0.191988 0.0194405 0.154771 
0.0225377 0.0778932 0.151583 0.0137813 0.0480897 0.0638289 0.119047 0.114571 0.0743187 0.212092 0.195743 0.0555157 0.132709 0.154827 0.0166782 0.195664 0.175439 0.00800817 0.0245828 0.0363279 0.052787 0.137468 0.14385 0.0839685 0.218784 0.0317721 0.0225376 0.0548477 0.116973 0.0979584 0.142883 0.0930105 0.221945 0.20307 0.000685064 0.14578 0.182431 0.0568829 0.220629 0.004253 0.0489276 0.0647246 0.05758 0.077492 0.0366368 0.0438172 0.013303 0.0658273 0.136941 0.13845 0.0297551 0.122572 0.199142 0.0919002 0.211889 0.213651 0.0621872 0.00225806 0.221588 0.0762173 0.189149 0.180857 0.0771993 0.0222967 0.000728364 
0.0481009 0.102715 0.163433 0.166406 0.0108317 0.196989 0.0597008 0.206925 0.0830458 0.0381851 0.00219205 0.204054 0.0985479 0.120637 0.0356205 0.0806129 0.206604 0.129724 0.14508 0.165337 0.137784 0.15769 0.0902093 0.0400771 0.0927317 0.1517 0.0481009 0.184835 0.0162712 0.0769807 0.138444 0.145687 0.0736804 0.0980839 0.159409 0.208355 0.0314242 0.0504827 0.127138 0.110672 0.16287 0.0115501 0.050261 0.0688412 0.211336 0.145911 -0.055498 0.00768124 0.0540109 0.206321 0.10242 0.154239 0.0186984 0.17779 0.0805328 0.0810369 0.0761097 0.187949 0.0444948 0.0571123 0.0341822 0.20057 0.0480368 0.115036 0.165363 
0.0214036 0.138454 0.10614 0.176789 0.159938 0.0044145 0.137212 0.151536 0.0858873 0.0105818 0.00781681 0.105788 0.0904774 0.145171 0.119576 0.138213 0.0231568 0.15115 0.00819864 0.185898 0.0881875 0.112769 0.160862 0.0596598 0.126475 0.0197747 0.0214036 0.122881 0.189164 0.131297 0.133878 0.122225 0.04811 0.158306 0.0929849 0.175065 0.081575 0.0851631 0.00784877 0.131546 0.17628 0.106383 0.18972 0.0380066 0.166572 0.178002 0.0230324 0.0618471 0.175596 0.0532622 0.169573 0.159497 0.145547 0.127299 0.0664277 0.0979891 0.174271 0.0625783 0.128035 0.146456 0.0169054 0.177577 0.151809 0.0665986 0.155379 
0.0450653 0.156086 0.122656 0.122556 0.115395 0.0616498 0.0137858 0.166696 0.0946894 0.0665145 0.11968 0.114881 0.115702 0.0416738 0.119911 0.0331579 0.0608142 0.189725 0.220713 0.205795 0.209492 0.126096 0.172784 0.220474 0.070516 0.10775 0.0450653 0.137496 0.0812498 0.144755 0.201409 0.102946 0.226647 0.0757388 0.0716999 0.0538757 0.187603 0.00720772 0.0487433 0.157165 0.103214 0.161948 0.0293126 0.00173881 0.037471 0.0764396 -0.0176195 0.0495252 0.0413129 0.0996942 0.158117 0.141115 0.190058 0.212345 0.0543899 0.0156418 0.0226018 0.116714 0.115903 0.0808449 0.0532393 0.153153 0.0525639 0.111772 0.0994641 
0.0336441 0.13154 0.00774225 0.0975802 0.157864 0.157595 0.214909 0.145707 0.113877 0.0794106 0.0175203 0.0418213 0.0333631 0.191638 0.0421374 0.16693 0.00403551 0.153438 0.0601716 0.0529338 0.0630274 0.0464355 0.0859211 0.190916 0.132711 0.0175619 0.0336441 0.0404745 0.169315 0.166999 0.170984 0.0662712 0.0838221 0.140859 0.00730966 0.177529 0.096261 0.158575 0.195672 0.0315412 0.0550308 0.0755092 0.210753 0.184536 0.00113108 0.171177 0.0497262 0.115974 0.0700726 0.0360451 0.0661193 0.138079 0.077815 0.0552652 0.00989481 0.15461 0.218995 0.075327 0.0900225 0.0213635 0.216007 0.159783 0.0305847 0.126813 0.117203 
-0.168517 0.174208 0.134559 0.0809687 0.173379 0.135968 0.0626342 0.0683441 0.041241 0.0397418 0.00512979 0.00265516 0.139955 0.164625 0.0685902 0.132568 0.184124 0.11226 0.0459414 0.00736852 0.155374 0.17587 0.132537 0.143025 0.0599381 0.285445 -0.168517 0.0675111 0.189623 0.0458506 0.0886023 0.173581 0.00678234 0.0745543 0.108411 0.165127 0.16256 0.0676352 0.0386292 0.0754621 0.143545 0.194567 0.00986159 0.173619 0.0291637 0.0180456 0.377521 0.141012 0.0398144 0.0672171 0.198013 0.154285 0.200619 0.144208 0.198691 0.115199 0.0996847 0.00315971 0.169304 0.0909121 0.176435 0.0712767 0.048232 0.168362 0.190401 
-0.0662887 0.0710363 0.0346752 0.00442797 0.0883169 0.133229 0.0786221 0.19847 0.160739 0.211056 0.108619 0.183509 0.12611 0.0505501 0.0486262 0.031011 0.0635931 0.206158 0.219584 0.176622 0.0563192 0.00118486 0.113637 0.118103 0.180213 -0.117495 0.933711 0.149929 0.0656066 0.115434 0.162911 0.0447486 0.201102 0.0102034 0.201555 0.128795 0.0275076 0.040836 0.143561 0.136514 0.0738962 0.221466 0.0338467 0.0334331 0.165324 0.0431059 -0.0150821 0.0302398 0.196873 0.144307 0.0691375 0.174572 0.16509 0.101861 0.0620832 0.0532057 0.0812761 0.0925572 0.0245667 0.20296 0.106469 0.178942 0.0351844 0.0185224 0.186988 
0.0370688 0.00387159 0.0782635 0.0955427 0.145476 0.137405 0.0843266 0.177515 0.0917895 0.096101 0.0544585 0.130686 0.181014 0.0803162 0.00726252 0.15272 0.19915 0.14094 0.159769 0.156335 0.109574 0.124008 0.120187 0.0423015 0.136955 0.0855227 0.0370688 0.125042 0.193842 0.176888 0.173094 0.148364 0.154385 0.135125 0.169828 0.120022 0.0163095 0.0145629 0.0756543 0.129774 0.129799 0.190594 0.0410378 0.0655873 0.175659 0.0358352 -0.0113852 0.0792721 0.0531358 0.12032 0.0740364 0.168294 0.0825153 0.214792 0.13068 0.0682038 0.182432 0.174124 0.0555707 0.0142019 0.0487853 0.104951 0.209422 0.0624319 0.0762453 
0.0461825 0.190361 0.0852553 0.180072 0.124903 0.110969 0.012381 0.204967 0.118647 0.120565 0.024022 0.185675 0.00720083 0.0573449 0.0796375 0.0301687 0.0908035 0.200413 0.0280311 0.222061 0.190303 0.136159 0.0545033 0.118208 0.158108 0.109143 0.0461825 0.040208 0.119546 0.0108483 0.17029 0.00147192 0.126994 0.126219 0.195532 0.175564 0.167037 0.00304808 0.125346 0.0325204 0.188847 0.202098 0.0468563 0.160145 0.0747714 0.0812066 -0.0167782 0.10964 0.0783078 0.1936 0.0902076 0.131455 0.123447 0.0842962 0.207636 0.0905108 0.0829068 0.00347762 0.0661621 0.0694424 0.165914 0.0970118 0.102954 0.0578862 0.0427828 
0.0297333 0.018485 0.0559189 0.141037 0.138074 0.00201104 0.0628715 0.164118 0.0335322 0.0177842 0.0142233 0.175655 0.099826 0.0705867 0.143987 0.110212 0.217165 0.129806 0.240116 0.120301 0.0962402 0.227412 0.176538 0.17974 0.122775 0.0608801 0.0297333 0.0969503 0.00954875 0.214532 0.0690849 0.187942 0.105874 0.0679626 0.121169 0.193318 0.0101161 0.11243 0.142733 0.00647634 0.00379792 0.00477189 0.0940926 0.0700345 0.0386384 0.207209 -0.00141355 0.104317 0.0177964 0.207754 0.17102 0.0550476 0.0763442 0.187043 0.0134486 0.214672 0.107723 0.189138 0.101174 0.166862 0.0989253 0.00735839 0.0559614 0.126952 0.0721798 
0.0342586 0.148649 0.0467135 0.117594 0.0596202 0.110582 0.0658282 0.195779 0.0161822 0.124455 0.168429 0.0727015 0.00354675 0.000898798 0.0503785 0.0588541 0.0636733 0.191693 0.225305 0.122867 0.0489215 0.0811796 0.0401325 0.0421644 0.157012 0.0592663 0.0342586 0.125585 0.00188722 0.0893593 0.175475 0.123018 0.222096 0.109394 0.0318306 0.168689 0.210513 0.0589829 0.160188 0.175418 0.109863 0.036432 0.0985285 0.00924005 0.10003 0.0162515 0.0092509 0.0310089 0.221403 0.126193 0.179383 0.054675 0.093745 0.220151 0.0161607 0.049598 0.245577 0.0540732 0.0781361 0.125276 0.0960018 0.182938 0.115886 0.191066 0.11358 
0.0598351 0.0507789 0.117145 0.110937 0.0911749 0.1584 0.0548098 0.0200424 0.182147 0.104687 0.0345679 0.00928414 0.142133 0.181211 0.0993599 0.196654 0.0186129 0.00297206 0.16941 0.167252 0.0785856 0.0932529 0.0961187 0.149783 0.187415 0.168405 0.0598351 0.0726377 0.102946 0.0755511 0.206467 0.114856 0.0124992 0.0768952 0.138272 0.0850272 0.00811363 0.191318 0.0851725 0.0235305 0.134983 0.175154 0.185845 0.140888 0.0716075 0.00381433 -0.0487353 0.0298643 0.0210723 0.154629 0.0956118 0.12468 0.0466982 0.13115 0.189629 0.1968 0.132491 0.0102874 0.159264 0.132909 0.0329789 0.120491 0.172091 0.190141 0.188489 
0.0458727 0.196414 0.150607 0.0165522 0.214309 0.229164 0.172813 0.0227733 0.114363 0.062669 0.14785 0.00950274 0.0436607 0.131263 0.028655 0.104446 0.170537 0.00466963 0.0667698 0.220752 0.146922 0.157224 0.159285 0.0352714 0.0802768 0.071887 0.0458727 0.118143 0.207925 0.0579913 0.0397179 0.0334446 0.205643 0.139214 0.207234 0.0305756 0.0310663 0.176528 0.0916867 0.208238 0.0640433 0.128969 0.0131134 0.0419013 0.142922 0.0595135 0.0198582 0.0368766 0.211549 0.209901 0.151315 0.0376543 0.0380036 0.0617205 0.111261 0.0505064 0.0309173 0.165229 0.0832659 0.0771507 0.0549696 0.0926997 0.0122229 0.11506 0.024073 
0.0128409 0.0371542 0.101831 0.124502 0.183004 0.0052811 0.0152144 0.00445811 0.0190843 0.00250386 0.129326 0.0889098 0.0697309 0.177942 0.0856758 0.0497585 0.149205 0.123825 0.169558 0.0375626 0.155682 0.0701351 0.21039 0.202923 0.1552 0.0147978 0.0128409 0.192509 0.101614 0.202624 0.0970178 0.120006 0.150077 0.0107005 0.0469346 0.173628 0.207922 0.183105 0.0664644 0.100869 0.0252575 0.0437362 0.0279898 0.123194 0.192816 0.145807 0.010884 0.0630219 0.00681867 0.154762 0.116611 0.0908646 0.185095 0.0746693 0.198078 0.167325 0.0223029 0.171066 0.214109 0.0140406 0.0211479 0.168673 0.146369 0.0982968 0.156268 
0.0258888 0.00303153 0.0163342 0.183233 0.0561339 0.197396 0.0587142 0.098521 0.00362812 0.0696683 0.225865 0.0462357 0.201486 0.0607009 0.166225 0.0401117 0.204168 0.056703 0.137969 0.184467 0.148645 0.019706 0.0291371 0.219225 0.076517 0.0231308 0.0258888 0.128317 0.00389297 0.00538104 0.0710059 0.19161 0.0397352 0.110805 0.0401209 0.0787968 0.109555 0.00350607 0.0945616 0.113886 0.129734 0.029964 0.0910717 0.192065 0.0907854 0.159287 0.0286467 0.140704 0.0616789 0.118041 0.130055 0.148333 0.061049 0.0664129 0.110102 0.186533 0.11898 0.2183 0.179196 0.180554 0.174202 0.0679826 0.120474 0.0681885 0.206678 
0.0612709 0.170637 0.0350328 0.0534408 0.103604 0.123301 0.0728137 0.172052 0.0626751 0.0738429 0.0960938 0.16081 0.0308485 0.150203 0.121263 0.00587687 0.0812011 0.124464 0.0980169 0.143119 0.0083435 0.0454071 0.189415 0.215525 0.0694687 0.176436 0.0612709 0.0332079 0.152637 0.123508 0.00498316 0.0958128 0.171443 0.0972602 0.203143 0.126283 0.17297 0.0407898 0.00364038 0.0242329 0.0249073 0.119928 0.0143285 0.199635 0.0709043 0.0691698 -0.0538944 0.0652063 0.0489273 0.213029 0.197276 0.0228561 0.185441 0.085597 0.0883739 0.0765191 0.0827592 0.121297 0.0963067 0.191858 0.142055 0.156499 0.203616 0.183423 0.197838 
0.0241963 0.170506 0.1516 0.0598514 0.142934 0.00149127 0.0763536 0.121159 0.151384 0.15274 0.0503801 0.181815 0.184162 0.134325 0.160985 0.123364 0.0915271 0.114433 0.122699 0.141405 0.0741372 0.00323338 0.0819585 0.130416 0.0082518 0.0162797 0.0241963 0.166091 0.0849824 0.0634584 0.160396 0.156597 0.133326 0.0475476 0.187035 0.175881 0.0556749 0.168698 0.159948 0.153647 0.0604685 0.0830209 0.067522 0.0416094 0.128118 0.174016 0.0321129 0.139058 0.177048 0.149186 0.141659 0.00475894 0.0757487 0.171371 0.00628633 0.0910459 0.0597574 0.0677821 0.171381 0.160193 0.180168 0.00791664 0.148958 0.139522 0.124864 
0.0199812 0.197775 0.19983 0.2029 0.103343 0.0258024 0.141184 0.11433 0.167282 0.130065 0.105857 0.175282 0.0766082 0.187408 0.0584379 0.068103 0.0757326 0.152885 0.16767 0.123668 0.0243218 0.192679 0.110459 0.026536 0.20015 -0.0067015 0.0199812 0.104686 0.0926787 0.0529664 0.188519 0.0327188 0.0360986 0.0925816 0.10136 0.0700769 0.178466 0.0191588 0.158284 0.104385 0.0401155 0.0699927 0.187035 0.0864414 0.0141089 0.171833 0.0466638 0.158057 0.112318 0.182443 0.077405 0.188436 0.0617891 0.147393 0.0583699 0.0366688 0.173401 0.0424151 0.140766 0.0983076 0.0544609 0.191588 0.0365137 0.110099 0.0815838 
0.0427369 0.179836 0.0947443 0.19638 0.0547055 0.131001 0.0559416 0.175514 0.137354 0.07473 0.181188 0.177127 0.112149 0.171122 0.194386 0.19685 0.00642514 0.181215 0.0917152 0.0192367 0.177519 0.0373308 0.137934 0.164626 0.113178 0.123473 0.0427369 0.195855 0.160768 0.110331 0.0692304 0.0342364 0.172654 0.193273 0.0765058 0.00632127 0.112746 0.0317125 0.0807475 0.15991 0.0479278 0.0842852 0.064778 0.0984768 0.0216749 0.188928 -0.0379988 0.139655 0.134092 0.104025 0.181005 0.139283 0.0256593 0.0952169 0.10038 0.188043 0.128602 0.00420349 0.0388297 0.115267 0.12315 0.0251242 0.0924043 0.0250436 0.140931 
0.0595805 0.158382 0.0365391 0.0200187 0.0189911 0.168585 0.165141 0.0770664 0.0942196 0.0528502 0.0742659 0.132255 0.164142 0.146131 0.193657 0.194141 0.168793 0.049465 0.125576 0.183282 0.0807611 0.132245 0.0341981 0.0225143 0.0690606 0.109676 0.0595805 0.0832076 0.095484 0.0551906 0.175801 0.143536 0.138101 0.117674 0.0885048 0.175051 0.0757786 0.140417 0.0898197 0.056823 0.021161 0.0762126 0.154269 0.137499 0.0477962 0.167821 0.00948518 0.00142965 0.195456 0.184619 0.0426924 0.0284096 0.110582 0.0701669 0.20361 0.074815 0.0273573 0.0673528 0.104248 0.0315181 0.060721 0.180879 0.111106 0.179378 0.188828 
-0.333074 0.14049 0.100185 0.147086 0.086501 0.205476 0.149747 0.183636 0.0894112 0.101622 0.118152 0.169808 0.0830524 0.09955 0.0915774 0.0838501 0.202478 0.135688 0.173869 0.0499575 0.0563463 0.139218 0.109161 0.0155321 0.188926 0.717322 -0.333074 0.125456 0.0242536 0.095029 0.112314 0.0924208 0.0331902 0.0750673 0.0286724 0.201262 0.186915 0.01844 0.138353 0.0617449 0.00666124 0.0447107 0.00836595 0.18777 0.170723 0.159986 0.616529 0.0751075 0.0137214 0.177431 0.154705 0.148746 0.202926 0.115723 0.11423 0.0851063 0.0906652 0.0994117 0.00199461 0.183955 0.164939 0.0305429 0.100051 0.1024 0.0366638 
0.0427372 0.0409819 0.135338 0.0346218 0.131705 0.0420614 0.0786135 0.11506 0.157729 0.129753 0.0812222 0.0719334 0.16491 0.121162 0.181371 0.022424 0.0544826 0.137783 0.11191 0.172838 0.223704 0.144959 0.14797 0.000682225 0.144845 0.0803409 0.0427372 0.232291 0.069191 0.168468 0.111085 0.154174 0.00246023 0.0201024 0.112454 0.097423 0.0922992 0.0985972 0.180723 0.00318054 0.1073 0.0420178 0.227016 0.0377765 0.223561 0.0408394 0.00513341 0.205534 0.0872227 0.184007 0.0522859 0.0270317 0.026569 0.0674268 0.0375296 0.101306 0.0174443 0.127721 0.0721149 0.0478939 0.0050265 0.218039 0.220658 0.199381 0.0597224 
0.056719 0.170148 0.150132 0.013905 0.0964538 0.0359053 0.0864346 0.0577688 0.178861 0.0709065 0.0613082 0.0874229 0.00948749 0.170116 0.153507 0.163079 0.0998039 0.160371 0.183689 0.0700593 0.0866855 0.0697393 0.0747229 0.0606608 0.124691 0.114799 0.056719 0.0929613 0.0841483 0.124242 0.110864 0.00597246 0.171803 0.0989483 0.12299 0.181152 0.039955 0.18366 0.191552 0.00301183 0.00634693 0.0701758 0.175243 0.190261 0.0661253 0.106106 -0.00136094 0.170148 0.128165 0.172062 0.00308122 0.0786839 0.18796 0.162432 0.0540554 0.186618 0.122178 0.142616 0.101642 0.0966019 0.0661512 0.0861468 0.139411 0.0453767 0.160496 
0.0230455 0.198879 0.00743979 0.0309965 0.169437 0.0867214 0.132465 0.204909 0.00695622 0.16591 0.031568 0.129557 0.127751 0.0531674 0.0139941 0.118581 0.0978163 0.209384 0.113387 0.109952 0.0758151 0.046952 0.124188 0.170273 0.00912934 0.00748963 0.0230455 0.171644 0.00255041 0.116933 0.159812 0.178182 0.1273 0.011985 0.00732047 0.200664 0.166447 0.197895 0.199489 0.0730775 0.113671 0.0958935 0.114948 0.120338 0.0307868 0.0410814 0.0386012 0.023024 0.178653 0.116549 0.204247 0.0853665 0.134535 0.0414606 0.0601002 0.194342 0.109305 0.108467 0.140252 0.208854 0.00517415 0.0661479 0.151285 0.125393 0.0767919 
0.0455908 0.0632418 0.0193239 0.0595039 0.0833696 0.115929 0.164401 0.0974253 0.149731 0.0458714 0.175266 0.017811 0.0407547 0.0935969 0.0564591 0.0553334 0.198831 0.205948 0.00948755 0.167809 0.093897 0.15194 0.221637 0.188704 0.00543072 0.0623399 0.0455908 0.105237 0.0458227 0.165424 0.0815541 0.197381 0.142279 0.0935267 0.114352 0.220824 0.110635 0.0413199 0.0569504 0.0931079 0.0459593 0.153002 0.121171 0.0351172 0.095061 0.144085 0.0288414 0.111882 0.0107777 0.12361 0.135786 0.166772 0.126864 0.134391 0.064569 0.166692 0.0465505 0.150708 0.0380863 0.22192 0.176852 0.107834 0.0126833 0.11863 0.0788346 
0.057093 0.0971648 0.0663054 0.193667 0.210901 0.0853435 0.195283 0.0742573 0.0451828 0.0139078 0.189758 0.11673 0.0525604 0.153247 0.0869242 0.171375 0.115208 0.104866 0.116998 0.0714251 0.102416 0.139922 0.125144 0.198436 0.0682078 0.132387 0.0570929 0.0382612 0.0525141 0.0258942 0.0673467 0.0199498 0.0773019 0.0549386 0.117663 0.203436 0.210734 0.139575 0.00506602 0.070191 0.0948186 0.181706 0.165987 0.0468344 0.00274764 0.208095 -0.0182017 0.0969861 0.00811215 0.163737 0.0661937 0.15125 0.185062 0.111867 0.0175047 0.0626586 0.0112307 0.196009 0.0938241 0.201145 0.0661988 0.200049 0.0813105 0.0914935 0.0599575 
-0.154122 0.0342362 0.10628 0.124538 0.198143 0.122975 0.0277549 0.119788 0.206041 0.178903 0.19692 0.14615 0.106279 0.0937295 0.0383691 0.0724952 0.201821 0.0228238 0.174392 0.201114 0.130043 0.0613744 0.163568 0.152842 0.0339044 0.695305 -0.154122 0.195794 0.0097954 0.100857 0.151358 0.18308 0.106764 0.0979594 0.207322 0.111515 0.135684 0.0730819 0.0776093 0.0714837 0.00355861 0.0950924 0.162795 0.0793545 0.132147 0.12021 0.996451 0.0363708 0.0451661 0.0488959 0.0183457 0.171994 0.12919 0.0216644 0.0979124 0.0735104 0.195554 0.045691 0.00820589 0.105097 0.0651511 0.179659 0.0893685 0.0469363 0.212918 
0.0237555 0.097384 0.126156 0.0978394 0.148616 0.123711 0.10329 0.110577 0.117535 0.0937049 0.0429033 0.168951 0.176422 0.219799 0.0198857 0.115423 0.132532 0.0154706 0.0971677 0.126359 0.102976 0.11485 0.0228939 0.168647 0.197353 0.0231649 0.0237555 0.138538 0.0622847 0.125909 0.121887 0.00541378 0.106443 0.0624308 0.104791 0.0468322 0.179391 0.0291466 0.0668927 0.161252 0.127269 0.0192065 0.044526 0.160129 0.0308922 0.136216 0.0243459 0.113327 0.13406 0.0662868 0.0285166 0.131276 0.157085 0.191038 0.174807 0.0189306 0.153422 0.185636 0.21745 0.196594 0.173888 0.160851 0.123519 0.101012 0.0267435 
0.0732946 0.15609 0.0911591 0.0173279 0.130876 0.015591 0.133433 0.00111246 0.0596666 0.191792 0.0975026 0.0406264 0.19722 0.212683 0.0851656 0.0268938 0.119306 0.0657529 0.174957 0.137961 0.155039 0.104107 0.0781654 0.149978 0.139891 0.156449 0.0732947 0.0649071 0.119465 0.174068 0.159296 0.185169 0.0610005 0.208968 0.012235 0.190071 0.19433 0.0455723 0.0648098 0.0223487 0.120056 0.00450183 0.0786376 0.0104392 0.203268 0.130466 -0.00985956 0.0946165 0.170833 0.0771889 0.0189404 0.0881366 0.120255 0.131013 0.14061 0.0958466 0.0870874 0.111047 0.00236612 0.162144 0.091323 0.0667241 0.00783508 0.101308 0.099744 
0.058404 0.14875 0.151396 0.179244 0.14734 0.0062645 0.0920448 0.0360626 0.21445 0.0762581 0.0933447 0.0600449 0.175403 0.00913253 0.113134 0.148269 0.104174 0.100165 0.221487 0.0513801 0.1589 0.0764575 0.151204 0.0167598 0.131565 0.136616 0.058404 0.0412038 0.0157386 0.00701324 0.052797 0.0930531 0.0907616 0.0850238 0.0986981 0.0512949 0.180246 0.195419 0.220272 0.0149162 0.112178 0.207016 0.175454 0.163926 0.0683918 0.101529 -0.0198082 0.0827399 0.0427244 0.211417 0.0607185 0.0532459 0.0459746 0.0697567 0.00871763 0.0570121 0.15133 0.159984 0.128681 0.142745 0.0484553 0.156916 0.082011 0.105246 0.211249 
0.0374504 0.216665 0.0345297 0.104146 0.189046 0.114329 0.0360834 0.137143 0.0383089 0.223065 0.133262 0.0251691 0.00595995 0.169373 0.030771 0.0392321 0.121385 0.045355 0.00365121 0.0567267 0.0227114 0.206415 0.067412 0.0407516 0.190743 0.0621407 0.0374504 0.10294 0.213352 0.199457 0.211143 0.103124 0.171447 0.170672 0.0163541 0.119447 0.216107 0.16813 0.0201568 0.153467 0.0793122 0.0567191 0.192247 0.0322164 0.0869806 0.0208682 0.0127601 0.0921623 0.0455897 0.0868167 0.10527 0.082823 0.00471848 0.0439454 0.132952 0.0975516 0.192983 0.075685 0.0399291 0.167538 0.0391567 0.164726 0.185709 0.114098 0.129364 
0.0559007 0.105771 0.0480304 0.115795 0.0974951 0.103869 0.123448 0.121416 0.0384251 0.103353 0.0188871 0.0760626 0.0727748 0.107666 0.0322246 0.182024 0.077524 0.206566 0.139367 0.172608 0.11485 0.037736 0.077903 0.0455723 0.118282 0.136186 0.0559007 0.176287 0.205534 0.0333178 0.00360958 0.218009 0.0597018 0.0557268 0.0266018 0.0889209 0.152572 0.0267758 0.112588 0.192374 0.0634436 0.17268 0.113562 0.196152 0.0659223 0.048471 -0.0243848 0.132551 0.0215837 0.147705 0.0871465 0.187079 0.0702567 0.161054 0.20914 0.169574 0.189558 0.190429 0.196921 0.134444 0.000252691 0.116079 0.0237036 0.0910929 0.0397555 
0.0368023 0.156484 0.050761 0.167607 0.1792 0.0520461 0.147488 0.165146 0.199189 0.0989399 0.148151 0.0628814 0.0771227 0.0491908 0.148038 0.138224 0.201446 0.141141 0.135371 0.0876368 0.0496247 0.00510304 0.146459 0.195354 0.13432 0.0602824 0.0368023 0.138922 0.117393 0.110068 0.133687 0.0916309 0.00884889 0.140599 0.123094 0.163289 0.130968 0.0591106 0.135861 0.180222 0.184839 0.0164269 0.133655 0.0830991 0.13446 0.0537936 0.0133221 0.0125586 0.0151314 0.179475 0.0406762 0.113469 0.201667 0.0264135 0.193182 0.088368 0.0736072 0.0591684 0.129294 0.104378 0.0596087 0.131811 0.18154 0.0662991 0.0256322 
0.0298658 0.161312 0.121936 0.0854914 0.195361 0.134582 0.107288 0.0610617 0.103238 0.0525616 0.0511206 0.0172706 0.0874709 0.0833873 0.0584248 0.204643 0.210487 0.103885 0.00510747 0.00924211 0.180472 0.149455 0.0772356 0.147646 0.193799 0.0656884 0.0298659 0.159437 0.16521 0.0250796 0.156689 0.195058 0.0373038 0.131402 0.0460004 0.137751 0.0305551 0.211587 0.190387 0.0433391 0.127744 0.0840741 0.12331 0.0589312 0.0529409 0.138084 -0.00595676 0.0499389 0.110207 0.0284754 0.00902312 0.118249 0.199731 0.0951818 0.113473 0.151744 0.19291 0.141389 0.198935 0.111122 0.0826797 0.203652 0.059764 0.152334 0.0173484 
0.0351186 0.110217 0.156928 0.11664 0.111758 0.0530772 0.0784187 0.0951513 0.107546 0.0959044 0.0938819 0.130266 0.176596 0.0490126 0.00640855 0.121416 0.00318631 0.183924 0.130694 0.179129 0.167307 0.10256 0.171091 0.169169 0.0056454 0.052514 0.0351186 0.173011 0.0578843 0.199829 0.162199 0.152349 0.123057 0.177815 0.079783 0.120146 0.0323109 0.00618717 0.151951 0.0508179 0.158474 0.0294817 0.140587 0.010323 0.030239 0.157739 0.0177231 0.116017 0.187112 0.115131 0.0394088 0.0885421 0.173716 0.18829 0.0250639 0.178431 0.123071 0.030406 0.183886 0.13827 0.100331 0.047416 0.160234 0.118991 0.0750531 
0.0456324 0.0728049 0.111396 0.206676 0.150905 0.0345771 0.146698 0.0722316 0.12693 0.144154 0.179401 0.100266 0.0648549 0.14355 0.0841684 0.024216 0.0633639 0.149163 0.0417939 0.0456651 0.00616997 0.0571416 0.039538 0.179496 0.0893013 0.127404 0.0456324 0.184936 0.0456482 0.125844 0.189678 0.158414 0.0564378 0.104723 0.10538 0.131409 0.0569871 0.0433815 0.150863 0.169292 0.0815547 0.110066 0.128906 0.144648 0.116002 0.110202 -0.0361389 0.0487817 0.193595 0.148915 0.134934 0.035644 0.20189 0.18373 0.136599 0.157257 0.0210569 0.0297957 0.0379362 0.141909 0.197769 0.160433 0.203351 0.0485977 0.197024 
0.0358259 0.0335718 0.0831877 0.203377 0.0828759 0.0619329 0.223294 0.123781 0.00376843 0.00783612 0.165985 0.0427005 0.163057 0.0103836 0.159189 0.0759238 0.157301 0.0838204 0.0685624 0.208968 0.00551383 0.161015 0.0721255 0.119971 0.113953 0.112001 0.0358258 0.0367958 0.0147872 0.131909 0.193936 0.20363 0.203752 0.0163356 0.0240081 0.0616195 0.155577 0.0109363 0.21148 0.0770873 0.0811462 0.0620853 0.0341506 0.00624702 0.140237 0.00541933 -0.0403496 0.117069 0.185565 0.143809 0.209053 0.0669106 0.208185 0.198903 0.117142 0.0279475 0.109252 0.204016 0.0585505 0.169973 0.183986 0.0209663 0.133038 0.138854 0.0248854 
0.054465 0.135134 0.18914 0.0544212 0.180441 0.173005 0.122119 0.00451747 0.0564288 0.0981275 0.122434 0.169018 0.125889 0.0586108 0.144654 0.0513485 0.0763189 0.218624 0.0660927 0.124513 0.080732 0.0310067 0.142591 0.157061 0.0729981 0.114621 0.0544651 0.108035 0.0662878 0.185116 0.190994 0.0141082 0.0136576 0.0329181 0.0165936 0.176962 0.0736141 0.145972 0.00971274 0.198417 0.157048 0.127059 0.146421 0.152936 0.09674 0.0765793 -0.00569055 0.0930099 0.0895567 0.055463 0.196565 0.0850342 0.166386 0.029289 0.178327 0.189407 0.160102 0.0310565 0.0299473 0.170747 0.0951983 0.0714469 0.109569 0.0921343 0.0901535 
0.0487059 0.074915 0.185083 0.00744822 0.0882936 0.0279283 0.105229 0.00659827 0.0515637 0.162919 0.153109 0.221148 0.119472 0.159619 0.0865238 0.13773 0.166456 0.189035 0.211751 0.0160438 0.216466 0.0383707 0.111815 0.0984211 0.108822 0.0855394 0.0487059 0.193834 0.0588485 0.152031 0.0429083 0.207288 0.11121 0.0769905 0.0344389 0.11696 0.0803863 0.166664 0.0985022 0.00118302 0.159719 0.066609 0.0420309 0.193782 0.110971 0.0222377 0.011872 0.0480228 0.0101796 0.0428134 0.108401 0.119488 0.184204 0.0497513 0.0447578 0.142607 0.0633508 0.223886 0.10877 0.00967998 0.104808 0.223292 0.0393033 0.113448 0.0462044 
0.0244466 0.104186 0.0528877 0.0954757 0.204813 0.20294 0.0518887 0.0668732 0.209145 0.193405 0.16204 0.0783261 0.00840409 0.0549258 0.0756312 0.134114 0.116773 0.0505272 0.120904 0.144809 0.0892476 0.0990451 0.0676539 0.0376293 0.156869 0.0537074 0.0244466 0.198587 0.143013 0.109864 0.186273 0.0434552 0.0987393 0.0251578 0.0673845 0.102916 0.170866 0.0268657 0.0676546 0.0472237 0.000108663 0.172205 0.148421 0.123161 0.17653 0.195227 -0.00481413 0.215432 0.095214 0.18273 0.212146 0.135911 0.0219264 0.0529032 0.140915 0.196715 0.154705 0.137764 0.109719 0.0290265 0.164231 0.0500841 0.0962404 0.0299081 0.127114 
0.0585044 0.00946026 0.169415 0.202807 0.131054 0.105517 0.000780031 0.0709728 0.0885641 0.0732278 0.0227754 0.216515 0.174318 0.0870349 0.202535 0.147771 0.0287714 0.0510794 0.0108316 0.0539988 0.162382 0.132884 0.0477171 0.193784 0.0710087 0.187636 0.0585044 0.216539 0.156814 0.148481 0.121131 0.0659677 0.0507933 0.141224 0.14282 0.0655722 0.070833 0.153389 0.1541 0.10149 0.0305334 0.115013 0.075328 0.166827 0.152887 0.100988 -0.0706273 0.0934402 0.201235 0.21537 0.0392485 0.00208182 0.142429 0.153791 0.0867782 0.103244 0.0078126 0.0726478 0.194058 0.0482004 0.040358 0.0718754 0.18249 0.0200554 0.181397 
0.0274163 0.0509601 0.113043 0.143991 0.149542 0.0613549 0.0972829 0.15023 0.153848 0.195295 0.164482 0.0947551 0.149341 0.197216 0.065851 0.0500749 0.177164 0.0509071 0.129231 0.193301 0.0322447 0.164984 0.200937 0.153744 0.0405861 0.0369964 0.0274163 0.0382099 0.149278 0.080034 0.0427589 0.0658941 0.114588 0.202555 0.0587865 0.125033 0.0198078 0.0730459 0.110073 0.177137 0.168343 0.185451 0.0311884 0.194801 0.16008 0.119581 0.0178362 0.0526907 0.110847 0.181111 0.0787301 0.13081 0.129188 0.0792957 0.0466597 0.0130626 0.15817 0.0493699 0.170597 0.022687 0.0114718 0.175366 0.192384 0.0182483 0.07335 
0.0487003 0.141956 0.0392554 0.179355 0.0392377 0.0626156 0.176541 0.0196655 0.135088 0.174814 0.108543 0.148051 0.104266 0.110183 0.0218986 0.0596121 0.102451 0.000540835 0.0337992 0.155842 0.121315 0.0219798 0.0286247 0.168776 0.0845433 0.0930382 0.0487003 0.171333 0.127507 0.189463 0.191218 0.162305 0.0827082 0.128862 0.179178 0.114254 0.0413135 0.139724 0.0948085 0.0741483 0.15369 0.0954621 0.0302456 0.104536 0.134405 0.0696754 0.00436219 0.152123 0.0642579 0.136838 0.00933383 0.0566826 0.177872 0.111862 0.189439 0.14106 0.0564795 0.123902 0.178793 0.0700131 0.169582 0.183598 0.179243 0.0845272 0.15927 
0.0709663 0.143303 0.0848553 0.116709 0.133944 0.0587396 0.0119037 0.188269 0.118479 0.108727 0.165457 0.209379 0.191837 0.00601685 0.0706077 0.0533526 0.135351 0.011732 0.0594425 0.21065 0.0732799 0.208269 0.181887 0.000544438 0.0802178 0.141402 0.0709662 0.157642 0.0492304 0.0415559 0.0924341 0.210504 0.055059 0.224426 0.115426 0.14955 0.0827307 0.0650139 0.103199 0.0969462 0.0670203 0.105504 0.101806 0.139597 0.0299129 0.04602 0.000530515 0.0151039 0.0325556 0.0477544 0.00352473 0.0475986 0.19968 0.124593 0.181701 0.0446901 0.137922 0.0242482 0.0484007 0.101511 0.0137158 0.131084 0.0167685 0.139975 0.22431 
0.0294675 0.115416 0.0468556 0.0553565 0.121137 0.172513 0.207375 0.188213 0.121543 0.181335 0.201419 0.0151813 0.121093 0.116482 0.197884 0.145526 0.19245 0.171246 0.0468329 0.0437373 0.197547 0.105796 0.118249 0.194786 0.0395176 0.0779194 0.0294675 0.0962769 0.105855 0.0874759 0.0970717 0.111613 0.113828 0.08736 0.199414 0.0145716 0.171675 0.118174 0.0181608 0.0450525 0.149471 0.121569 0.049619 0.159777 0.124092 0.0696284 -0.0189844 0.201797 0.0188858 0.0891543 0.169147 0.0185007 0.1035 0.199926 0.124071 0.0323982 0.108207 0.0334996 0.00183465 0.0151445 0.130428 0.00265446 0.183742 0.172879 0.0947742 

-0.0688041 0.109847 -0.100674 -0.0528796 -0.0733075 -0.0205881 -0.0813265 -0.0835748 -0.095035 -0.0498545 -0.0650672 -0.103323 -0.0811059 -0.0853116 -0.0858565 -0.0701961 -0.117229 -0.0878033 -0.108327 -0.0652499 -0.0583782 -0.0407038 -0.0658396 -0.072511 -0.117014 -0.0404869 0.147659 -0.0627525 -0.0755868 -0.058053 -0.0777682 -0.0709348 -0.111604 -0.0365659 -0.0804243 -0.0686474 -0.0805056 -0.0866262 -0.047475 -0.128646 0.0496197 -0.0906078 -0.112077 -0.0846922 -0.120023 -0.0959842 0.311794 -0.0718569 -0.13673 -0.0969998 -0.0876609 -0.0874168 -0.0869267 -0.0537749 -0.0879603 -0.055126 -0.0313021 -0.10324 -0.109284 -0.0440792 -0.0463815 -0.0726688 -0.101763 -0.142463 -0.0399506 
