周末回家教我学习  6   6 1 0 1 5 1
干干回来了  3   5 1 9
不然怎么跟干干一起进步  6   8 5 8 0 6 1
人家学点基础不行么  7   5 1 6 0 6 1 9
爱丁堡大学的课程  3   0 9 0
本来想学一门课的  7   6 1 1 3 4 0 9
这个怎么玩  3   5 5 1
也许作息时间弄的  5   6 0 0 1 9
别人说周期长老得满额  8   5 1 0 2 2 9 6 9
不高兴吗  3   6 2 9
认识我之前用叠词吗  6   1 5 7 1 0 9
不用纠结  2   6 1
叠词用的炉火纯青  4   0 1 9 2
干干认识我之前会卖萌吗  7   5 1 0 7 1 1 9
那以后给孩子当学前启蒙书吧  8   8 6 1 0 7 0 0 9
这不是巧合  4   5 6 1 0 
洗澡去了？  3   1 1 9
电影不怎么好看  4   0 6 6 2
人家正好问你睡没  6   5 6 1 5 1 9
干干会成长成一位好老师的  9   5 1 1 7 3 4 2 0 9 
干经理去秒杀他们吧  5   5 1 1 5 9
我的月亮不能缺  5   5 9 0 6 1
当然是在毫无基础上要这么久了  11  6 1 7 6 1 0 7 1 6 2 9
等春天我们去拍照  5   7 0 5 1 1
怎么不能单个的换背景  7   5 6 6 2 9 1 0
不懂讲的什么东东啊  7  6 1 1 9 5 0 9
换个什么样的模板合适呢  7  1 4 5 9 0 2 9
我的口味略重啊  6  5 9 0 6 2 9
人家想挑一个模板换换  8  5 1 1 3 4 0 1 1
人家想拍美美的照片和干干  8  5 1 1 2 9 0 8 0
开题报告怎么讲  4  0 0 5 1
干干给我吹大话的底气  7  5 1 5 1 0 9 0
老师说还没见过这么自信的  8  0 1 6 6 1 6 2 9
而且今天在大家面前吹了个大话  9  8 6 7 5 7 1 9 4 0
不一定按他的题目写吧  8  6 6 7 5 9 0 1 9
干干有没有什么想写的  6  5 6 5 1 1 9
怕怕  2  1 1
老公要几个？  4  5 1 5 4
回来带红薯  3  1 1 0
起来削铅笔吧 4  1 1 0 9
她让你改 4  5 1 5 1
蛋糕放在冰箱里 5  0 1 7 0 7
常温下居然只能存放两三小时 8  0 7 8 6 1 3 3 0
先给我洗完澡澡嘛 5  8 1 5 1 9
我要被挤坏了 6  5 1 7 1 6 9
晚上教我 3  6 1 5
这两个猥琐大叔是啥 7  2 3 4 2 0 1 5
你要教我整合的思路 7  5 1 1 5 1 9 0
明天再交我 4  6 8 1 5
干干每天都给我发个月亮 8  5 6 6 1 5 1 4 0
能不能讲的通俗点 5  6 1 9 6 6
你说我有类似条形码的东西 8  5 1 5 1 7 0 9 0
我的两个是一样的 7  5 9 3 4 1 2 9