2 5 1 89 
2 6 1 54 
3 6 0 1 4 
2 0 1 35 
3 6 1 0 21 
2 1 0 120 
3 1 5 1 6 
4 1 0 1 1 5 
2 1 1 81 
3 0 1 1 8 
4 6 1 5 1 1 
3 1 1 5 2 
2 1 5 15 
4 6 1 0 1 2 
3 1 0 1 7 
4 6 1 1 5 1 
3 0 5 1 4 
3 6 1 1 1 
3 5 1 9 41 
2 1 9 355 
2 5 9 19 
4 5 0 6 1 3 
3 0 6 1 5 
3 5 0 6 3 
2 0 6 8 
2 5 0 9 
3 5 0 1 6 
3 8 6 1 2 
3 5 6 1 10 
2 8 0 2 
3 5 8 0 1 
3 8 5 0 1 
2 0 9 117 
3 1 0 9 60 
4 6 0 1 9 5 
3 0 1 9 21 
5 5 1 0 6 9 1 
4 1 0 6 9 1 
2 6 9 26 
3 0 6 9 4 
4 5 1 0 9 14 
5 5 1 0 1 9 1 
4 1 0 1 9 1 
3 5 1 0 18 
3 1 1 9 55 
2 6 6 2 
4 5 1 1 9 23 
5 1 6 0 6 9 1 
4 6 0 6 9 2 
3 5 1 1 13 
4 5 6 6 1 1 
3 6 6 1 1 
3 5 0 9 9 
4 5 0 6 9 1 
4 5 1 0 1 1 
5 1 6 6 1 9 1 
4 6 6 1 9 2 
3 6 1 9 26 
4 5 0 1 9 2 
2 9 0 29 
2 0 0 8 
3 0 9 0 1 
4 1 1 0 9 8 
4 6 1 0 9 2 
4 6 1 1 9 7 
6 1 1 3 4 0 9 1 
5 1 3 4 0 9 3 
4 3 4 0 9 1 
3 4 0 9 2 
5 6 1 1 0 9 3 
4 1 4 0 9 2 
5 1 1 3 4 0 2 
4 1 3 4 0 6 
3 3 4 0 2 
2 4 0 12 
3 1 1 0 14 
4 6 1 4 0 1 
3 1 4 0 6 
2 1 4 5 
3 5 5 1 3 
2 5 5 3 
4 6 0 0 9 1 
3 0 0 9 2 
2 6 0 3 
3 6 0 9 1 
3 0 0 1 1 
2 2 9 41 
2 1 2 1 
2 0 2 3 
4 1 0 2 9 3 
3 0 2 9 7 
4 5 0 2 9 2 
4 5 1 2 9 1 
3 1 2 9 16 
2 6 2 17 
3 6 2 9 26 
4 1 7 1 9 1 
3 7 1 9 10 
4 1 7 0 9 5 
3 7 0 9 5 
4 1 5 1 9 2 
3 1 5 9 11 
5 1 7 1 0 9 1 
4 7 1 0 9 1 
4 1 5 0 9 3 
5 1 5 1 0 9 1 
4 5 7 1 0 1 
3 7 1 0 2 
3 1 9 2 1 
2 9 2 1 
4 1 0 7 9 3 
3 0 7 9 2 
2 7 9 3 
5 1 0 7 1 9 2 
4 0 7 1 9 1 
5 5 1 0 1 1 1 
4 0 1 1 9 1 
4 5 7 1 9 1 
5 6 1 0 7 9 2 
2 7 0 1 
3 1 0 0 4 
4 8 6 1 0 1 
4 6 7 0 9 2 
4 5 6 1 0 1 
2 5 6 1 
3 0 6 2 2 
3 6 6 2 3 
4 0 6 6 2 1 
4 5 1 5 9 1 
4 6 1 5 9 1 
3 5 6 9 3 
5 5 1 5 1 9 1 
4 6 5 1 9 6 
5 5 6 1 1 9 1 
3 5 1 5 3 
5 1 1 7 2 9 1 
4 1 7 2 9 3 
3 7 2 9 2 
4 1 4 2 9 2 
3 4 2 9 1 
3 5 2 9 2 
6 5 1 1 3 4 0 1 
5 5 1 1 2 0 1 
4 1 1 2 0 1 
3 1 2 0 3 
2 2 0 1 
5 5 1 1 0 9 1 
4 1 1 2 9 4 
4 5 1 4 0 2 
3 5 1 4 3 
4 1 1 5 9 1 
3 5 9 0 15 
4 5 9 0 6 1 
3 9 0 6 1 
4 5 9 0 1 1 
3 9 0 1 1 
3 7 1 1 1 
4 6 6 1 0 1 
4 0 6 2 9 2 
4 1 1 0 1 1 
6 6 6 1 6 2 9 1 
5 6 1 6 2 9 4 
4 1 6 2 9 6 
5 6 7 7 1 9 1 
4 7 7 1 9 1 
5 6 7 0 1 9 2 
4 7 0 1 9 1 
3 7 5 1 1 
3 7 0 1 1 
3 6 9 0 1 
4 5 6 2 9 1 
4 5 2 9 0 1 
3 2 9 0 1 
4 6 6 2 9 2 
2 9 1 2 
4 6 6 9 1 1 
3 6 9 1 3 
4 1 9 0 9 1 
3 9 0 9 6 
4 1 1 9 0 3 
3 1 9 0 19 
4 6 1 9 0 1 
4 6 9 0 9 2 
5 5 9 0 2 9 1 
4 9 0 2 9 1 
4 1 5 9 0 1 
4 5 9 0 9 2 
4 5 1 1 0 2 
5 5 1 1 9 0 1 
4 5 1 9 0 2 
5 6 7 5 1 9 2 
4 7 5 1 9 1 
